$ANSIBLE_VAULT;1.1;AES256
30376566306463313939353139383066313864616365333062366665363961663334333232343734
6264386233616630306631353637353335343137343931360a613030346462326235656239356535
33373833326535353364303261333536333635313831333263333639333936303966333738623333
3834353663303363370a373833663439383930353130623236323435343762613362396261386439
30613566303932326635333038393330313231313266363437326532393765353865373537383833
37666435343730316464663733653236353262626366306533633839363537333362623962313331
31653736623931633661613630626237356166326337613061316536393362346166643062313665
34363536316363383365656339643635343932613734326430363838633565303236636566373530
30626331643061643838663332323435323337623439356633313334366636383630633638356238
37373662333663313039656132643363653334313166336633303936636166323237333030623136
32343833643661643637336330616534653764646361323037343435393764333131373236616564
31376164356634316537323661643531366339363463613866396131386130616666303038393638
32636436353036613930663837626665623661373265636331366336613235303339643666343464
61313135383234346565633065616263343233353434623130623032313661383238353766356434
37333962316638353432313061343733373239363361663935643232616234613231313464666261
66623361346133323832613133396461343732333235613761306663626130353235306432663535
37386233303763653635643164613734323561313439616330616237363963626264613462353564
62373435363235303838646234333465326264656565383734393931646232613737626532626365
66343664373939353430643837636264663537356438623336646236313337633965343534383465
36386538666434363230373766393935633966393764353632623236646363636464343563313234
63396133623236346631363561663862393132353261383966633035393330303033653032336561
65353061336563336565333234383034373033666431653463653965366466306166613361633962
38346134323932366339653564323661643835343330613631366463393532313837343136313865
36623266396361326535363462393863306138343933333964313466383233643564656335613438
35333236633562623833633636616435396137666564623163653835663366346537363933386431
36323361393261663666626333393531326134313537363164646638663034313634386139346261
36393439653661306532646633653862363666393337373135653736393333383232646265336439
64353262656139343234393966623635306439386566326164303831626161666435316161623733
36666238613531366436666663323563316438383764646230653466616331396135303936653466
30336635343461303631646236663763386530313532316265623736623563613433373765366138
61663832303461616337323964346133386564666430383064353064366362373938656530623361
65366236373864306661373938613264373632303433346562626230373039346364646538356466
65333430373563363561333365326636396631373465343331656538303164663034396637333733
61306535623530373534393965613931616334396132643037353138633634356566376336323363
39663036383338633332393631663833623230396134626164366131633831613165616330313033
61393265616164313931643861616361346438666333316330656332663539643235353665653832
61336431353132653139393765393835663530343435303166616639373139303361623863313531
64656432643033393039386262356562363463366330643465663330316161633335363933613366
31343738363632336334363536346331323366656665643630636331326539373066636237346636
38613232366439316637316538396265386136353532666632333462626233333633613136313865
65636638393235373064373232366537396535353233656531373137323232303633623231616266
63653562396138646337653733353935353536623532396464623836376137346261643034316430
38366538666564306263326133396435396131323236633838333866646663623438313533376637
62643765306562366137666164323930363039373631623561306234643937313836656466366366
34336531373330626665383230626530393032333065366536363632326161386265353630633761
63336338653135306335373464326337626330653165336261653734393033336136373963646334
38396633333361353562383130653035363638356130313764313134663361633436646562636233
63613836346536343264393436313865346635633462303130663634316437366238656236643663
64653461313437613630633430313639623836393231626565626537373035373536643938643739
61653235343233323162346135346131343264316230363736346532623732363666313239616135
35396464623838633430616137613834353535636363373562376665346563656466326636336338
35343135393866626238316237356436663563636161353761643437653235303133613836336439
34633065393634333035363338343463366139643137663864386434656164656334336630636232
61326137663465616236663861376265336666653962633433636364663163653564626463323838
39643930346466616434386161386234346338626664656363333163663534396339383233656131
39376330373031366565373965333631633062653761363661393030386632623235333762616437
63343730353234316334323437636631386566306164386533653232626363363838373237386637
65646635646138633066306465313032386230333264666532303931633663373235633863633338
39613334363639353066343836316535396639656636643066626532393263383534343532333662
63656563653938323363373537316563313161343966313638356337313339386661313130666266
30343734316436643431336638333536303561363839316431306130353537633835653335316265
61333632356339616639343633323234393935666266393233653965396636316430633436346430
34626532616339666632616661396265396233643064666264343239393931333931333630353935
31656466666437323034306137333435383032373433623464383130343738656566393831646334
30373633626635306232653734663933373739643864313631616637643932656661343534613163
66393566323234356562653562326262363166633334316662396161316537363438656464653764
37313365323665393831393461636561346161353662363635396563356237306530383362626434
31633164336566376162303936366565356163313034303766373861373861386332613931323763
36393463323038323137396333393438613263353666666434323361643933666637316334303830
30633031366535363464646532626534666430333762623261343764646632343362616664613635
63313334313265366264623864366463313533613636663762343931643130346434336238316365
64343231323762663966393264656364346362633430636461323465343338393635643532373234
39356134346438616332353637373235386532303264623136663132393336613433326639336566
64613836336139386131616537346636613464626365323033386538366261633064613139623164
63326165316562316365386562663435316331663532303232323363313433623766303633643663
37356133373333333934303064663335363166316439643437353365396633383562383239346635
61303136643837616434656637663731643339333639613533626536373939313634366432366565
38366531366164636132616561306666653961633563616438303138366233653730663435653333
66383030633665353061353233373930303930386537393636346436613862306161633934373839
37393031653632393264303866313366316663393061653231313862616362643161376538366236
34646335316136623130346163363938316531623839653239663833613064396465366439323636
62333161646139313939386566356137633730386465663032323461303632636231363863616466
38623766333062323437323565653734623366306232353234666563376638613332666231356663
39333634356230653137636338396436303237353230376337323733663261353263366465346565
65303832653332643836363763656335616131323933616633623763656337316631396332383137
32653034373261323066666634323230623263663739393135303764653861343364636637393863
31653064636538373062343032373065663237333665373238633063386363313031636130343034
30643261323432616138343961623266373061326434333132636539376130643437336163383035
61333833313736613335663766663436373938636238316430343833656462383837366366326136
36373231343038393963643233316263633062303938643033393165323436363063633566633532
38313564303063613463663064356336643665656565643666353364373533363761373533616439
31393230613833653334373538663166373039306636663238643833626466353263353737396638
38353734666562373038323334396536343436356133393933636161613863343963376238396638
34353135393532646438323961363931393663643662366633346534373734666531316333313435
31366231313434646335666131353766353962323935336430346661373066316236396566396136
39663066626334393336393133323562646330333965333461393730396334396466333439646161
39653331386265663233653739353365626535386436376332616135623865386563633031393664
35306435623164666265303461383530636565643165653263313039616132336237636636316234
36643161643632363162323634653236386233616331356332333932633338396163656436346135
64633334346666303630616365386262653435393964363562373065313938316435393937313134
32393030353039396533363464303736346139366635363365303832643635386433346139656534
34353364323262663535623230366263393434656335616235656334383563366137626631303830
38323464393464623166653239643261376537626637326631363330633534653766623137386339
38633035393861613936613965643431623862633964313235636561353131303364313762336137
30663464373339383133313333663439373038303265376336333665333134653733626133653564
61653536396162393736303437643933653065633333386463366137613330623337623136366462
65666264363736336262623930393264653862343830653866633835363138313937353533646337
38393531363735396462363333623739326430383832616132376265616331626366633262343033
65616265343232366632633038633337366434316232313562616566626661333464646331623737
64346166346235616633343665313534633263623464363236333335643033656330653039613236
32313231346533306232323466303837636464383466653235323537326466323962633430613533
66353131326666346438313466643539363633333438373533333034383836373737633230353564
35343736366461353534353538633038343636653633366434316561613963346130303938653335
39626365313337646464663864636335323235663766383363613434663137623661303234643564
35663536356463363738613435353432363438653162323332343137323039396664626464643966
39306338316164323362336235313937653630663961633338326365383935393331386364643236
34353936666234626331643631623339303064363832663834373861303565376665313230393663
62343434626432643461646138353838376431323435373663373336303633333762323639646135
62633631353937366436613833636164393539623134643735333437653162643262346435323133
31613739373030666638393838326532353831623131396464393062313337613839363561383335
62343834363039323836633034643533323963386565613333313731386235653539653964396130
30626334333865653832383532663632366131613039343431363835646232313330366161303834
30373466396239633239306334373533363135653266363038633732396530343838376338306130
36323331623338633566666238363564616461383839346535643863666538336139663766346164
38616365633635386661653661376238346138633236363034623936636634396236633466353230
33663436356364376665383535656436316563613537623430636534613232333761386437386432
66346331636662313465316134313331663839383738326430363363633934616231613338653939
63666430323138386439376232356637303037396330616166636431643531393431323732666636
61383833636264313231326638343066306364633264383838383436333431633935326434363338
36333163356435363637326631653539316239336135373635623730613837633363323031633838
66623463313662616231373537643630306261623465353463326664393238373934643961393230
63376237323863393066356433363962396334356438383766376138346534363530303731326334
33663738613339613332346163626638396137346133653436653535336135303539393965326166
64386235393166366366373636363136653535346133336234663131316465383634353431633633
39633136373232663761363166333766613264626533623934646636643362333566313663363562
63353363393237666564323363633937306435343234313265313733666335656338616531356137
39666162386332646532366638393439353863653130656437646262316137623562633965306230
61316465663761303966333466386238376239666334336361336561303638326330333464343034
31343461356237363738333565663734663764633262366535366135373930626565306335633662
30373636316135393165353039623937666139393862663763396364646463303430383238363163
36353766643235613733663338356435613365326166356663633765373534393030383536396430
31626136333331616132343165316363303163653961663034376663383234653834633432323737
37346338643966353362666561636239623731336331616435643062316536343364316665393037
34316662613536326362343335633634366334663161653262313134353231333466326335323562
36376137663865623764613661313961313437656162663766643933316432616336626138323065
65613730386330663963313936353039343033316430343063613931346361306132386439623935
63393437333431656661313831356464666364626563353037323864303465643237383062633837
61343635643262343931363231643165613335393364643866356433393164366163613636653538
64313737663139643561626564376265366262393264633234333930383632396135333632636535
37653733383431666463336330346431663062636666366566366330623763393461353238383936
62643435663861333366633235643462306466666137336661306532346635393061373439313465
34383133373262386639626433303737643338613062653437343035646661396663646236636361
65303439636361613435333762323139653565383135343832643139316438626334613463633435
39643662343764613934393537613739616138633265363564336437353662386436623434326539
36643938653931363762393864616630646263363137393836623061663139666136366531363665
32323236383264643635356266333761333030343734303832666234373233356533663139323639
66333535643062303334663437313330656138376130616535343636313331613135633836376232
35626636326238323363343837653434303763373334353964623537616237303333383634626434
65316434353134363830633336373765326238343030613466653935363935343264626437626136
65663566303264383335356464376663343265316636623263373237323334656435343035616262
64363664663539383963363230353331336133616266643839346630326634363435646334623639
62323330613431353130653430353461633039346130613935383366376563646136343133363836
32653430623134323665303530623665373634306232666236623333323263393564343738393962
35613635633236303534646463663134313335353364333235613634613835373366643630613238
31313164363437656261363166623538396162633662353335363135336636636133363839336163
61643162656239666134623066323562326265356133383863313139343930363262613932393863
31383938623838326335353730326339393062616433383666396132313635336333666161386131
33383565623137326662323436343765303434353831636330643034646264333332366539356330
66333233653232323466666130383334326331383732626336383362366665306666623238326164
65346631616434313939613262623535333861336161616337613332666639366163663463366632
30636333613634383066363439303036333366346661343039383466383361316266646439623164
32373935343931303831323037363732343834346162343537616234343635366361643462396462
31303331363130326333613837303465306231336631303236636233383737633265
