$ANSIBLE_VAULT;1.1;AES256
36393662646431633563663064326236323066303833666363343936386361313132653739346638
3330356137393139303566643462343065306363353736640a323032353235333231383730326262
65366366623231613535386137386135306331363864323032303132343734396230323338363039
6639396432383737380a393134613332656465663538383662373234636464303535383438656166
65616263393464643634613966376632633761346661323866656237353334393131643234356434
63653766323832666330616164363537346639613936373363303835306166656234646538616461
35356230323961633563626238656264393663323265366435306266386631626635343361313262
32373332383362333663613762643638346264376137343532653237663131363338393739353131
30633736646563326631303836386165393439633138396335663631653637656339666266653839
39646333666438646235303233663437373530643261353864393863326134623236316464613139
66386637623065633031363863626136306439313831666435373462386431666538396237633961
38663764363539323661353761373337653232626639336561623332353535356236383365656237
66343434666263323137633536623064303539383536633862376539373139323836316563633361
38383330303235613765326266386535366334326538646661383232353539636531353133323430
30363131653439363533396639373764336637383536363136323236336236653264666336653431
65323032656261623833303037393535343965333766316336346639663264366338656131356636
33626435393432383836633332313539613462633362346331373961386161393938386531316562
62643136383537363264616638653933356463323339386665663362373364373764353334313531
33303539633333343065306366636365346463666530646364323663643166313936373537626264
64646432356464333430303061386165356435313535613335373862613632663665313737656135
35613634343634333331386333303563333731353332303064376234346464303364316666653836
62616131656362386139666334336637396536356233303862636466643031386237303465356430
64656335313563633936303163623335376263323334656662373331616563643765333237386631
66666566353131623262333465623334303133376135323065643236353738356562616237386630
65663666643632393236613031326136373631383730623137623836643162393332616435313663
66306463316335393937313765363437373531366435363634343433653264323263313163373430
39653962356264356637663139623037366538386463346237393232653834633334306365666433
32383061383162346264303462303237313461646666616133323039383337613131626361306436
65356230666336633466323830343466633339363737373631393232613230653038333235336438
64366365633364376130333133653936623361383962356464333164326166653831343430393139
66393335353833386238636236656664306331623932333130393161356331633962383137383765
37346365366634656561396534626264306566356634393638393734633533326365383333636564
61636137306538393631653266326436626333373565376539313930623466613131386563666339
62616338303166633134383133326433333962663765363737636136393535643266363737666232
61373531343534356264383439386634376334666162386432626532356163663337353236363934
33366562376134336138333039306362373865666632376535336466633436316162626161383861
36303561343039366431356338333937393564613734373838333364353035323062343762323139
35393131306162316466383238316532643165666637353764623664636434383434366437646661
35383531346139643764626139623864313565633765663462343032633131393537373031663465
64363030393434623437393538306234323037646363613533306365636131303437303630323333
30316130396463303439653265633866616139363761653834303634643632666161356263633936
38323836353665633630643437316138616437343263396631383965646437303538616466366232
64666135313035316664326261643430323463633862663833306565373931323062303839303431
33306562393438333932346130643765623166616564333437303565656135343239393637386233
36653761316638656638363966313639373337666433646532313036653465336531386630666231
38393835626638326233633566643461636133363665646539636165323834316338643764333964
38623830643531336463326463373632636636353535613737666532653537393237393935373137
33363863373161333837383062356633346337346433356139386635393564343935366634343837
61303861333963386539653331663038343461636135383239306664646233333362376361313739
37663836316564646361623665353130653861343931333863383432626363343939643961306137
39663334323236643665633035333533363337656561613637653764353637333033616636333233
35326439643763656364373137663664626138623563316563313338353133303931363532613737
34316533336337323562383263646539633833363262363864626536616665336434656631666161
32353232623131396266653435666461333236306165313434303532376432376232393864623133
64666531613462346636353039663432386639356635376337666639336339616562323438376664
39626435376462663938363934636662616166653039646561373064376134653435613338316339
38303433306264646431396534373836616430303837363730616135663739633030306436626239
62626132353436383065616330643939343935363131383837306138386535353265663065636231
65643332393363393433623938626634616363646662303538636534653932626565653531363733
39643661666432643464353962343535636530616538636364303933353530393939393438653038
36356132633661623065623862623834353931363666393030663034623736633461643665393134
36376265346366623237333761316533316436356533626461383930356439326336393262646666
65633764313361663332393865666533353765646637316265326131336264373263646462376335
64393664626438646339353234323438656531393665333131303632643333306530373839346437
64343130353162383762643530393964343133393036393335626632353238623262386235616564
65343035663034316563343465333761353438623934663837336634643436616661326538366331
38646531663230383537636430626234613036653264356335663365623338316364393332653764
30303761633031356136666666336235636337383930666461316265363235633066616361373139
36646538396534643963373133343066613635643862646635633361616333303563396238323139
66343935633136353363313831363136323061356238303963373134326164333236653034626463
62613336663366613935323765373937353334326132663733356339626532363636383137383765
36303839626564336239323434653463623163363634353764303138343636656366326362663032
30633962303565636562386536373639656163313439333838636665346466396666623666373436
64316161333233383663626665376161326362616239353061373963613039623666363730626464
32306365653566393062666633313232396438666334343139386463323962383263636261383961
64623534356537346331323131613561383331663336346531383561353762366131663638353630
61343237613165616466326330313933373637336266373461336264336562646164366363656662
35303761393466373832376333336639643265613138623931333261346436626239316230353561
38613130313237373764323634366432333335653136353334623531613231336233396237646661
37633734376133343035623766373532356663393136393265393763303165663936323936393132
36336566343465313834346230303065356530613663656365313539343962316563646161383535
39303835613065326330346662616637666363333334636432353634373331646139386462373661
61353761376436376134626435346164336265613163663262633436353632343264616231653430
65663832336330376432303933396338663232353832616639383438353864346636613732303030
37653336656562616336366262313761626662393038383536623431323131316537333533633036
39663361666638653938303462633037653835613865656363393864303161303030343836343766
61336139393262336163363233383733306539623530356437386366333133616239366235303062
33363930646138663563376365373264613937303033346636643330613834666638303964383636
30353566383539356465643162326236623734663336656533613436343930613666356232656663
64303032313661643163313162663330623362643666383739653964663736356131353731323138
37376537353535343838653361623637326330373136303364613431646431616234643631373664
35353336326162653531306461663338663265636639626665656563336164313462393531313063
65326136643766663939333066626431306636383835646135373538303133373034636637343931
33373765616338343930373961376133616235643064336434396231313634653764633863333235
30643035663061613430303332336135393939376662386664336137616465643334313939663936
36386439303634386638363066393436303139653235333563333661633534613234353665613634
64626164656565363039636639333230373733633862663363366337636131326536633861303734
32323637366237356366393432323365396634616530303337366539336438663236336565303735
30373230326163633236633264333335663235346265316166653266383932346336313632383631
30626637666433313365356230303137303064323565323361373662343931333361353235313665
64646565343962333166316366396562333932336566343339666466613664643738626433643430
62346666636463646638616533303262373364326361623931306639323833343030653864353730
64363633666435346330633334323939303332616530613738333132363761326161393838346635
33393262363662313634653434633034666236383231616238393366323833396430333034386231
66323235306539373535663931313635316334613864326232386464616535633538343835343138
33663166623761373230343130313863613432643663643461346166323661393134646237333563
38653830373836346330353737653565363737336461643537623961303237373434383334643138
64653133393835316631376436313236303236656361353934653537623434666637623436616333
37636334393864643638613866353634633036343837386664643134323637373065663665626366
65353863396434393232356531653432653331333465366535303463363837343665626139363139
63383864386536343364653332646139303830646264323961303637333031313164316232306433
66626432353332646164393439336236663733646236323035333139383236343166356162333536
63613564663736613230313464356338313963323161313562313739666137653634636537343531
37306531663238613462323231613035326436393466353265366164326363323065373632393264
33353661343331386662633464313861643532363664313338393032386465363865643162373433
33613130343630333539373430313337393231373734323839646133633237636439333866323166
64333966613639376133396137376336353266636330336664323530613430366537643462663937
39626361346561306639623363303061316335336436356435373431313938636238636436626638
31386262353230333563343566383863383336663830346564303334333166626663386338616434
37386466626464366266626462326538643535356565663164353365343237336632376135616536
35663731633565363932323236643038643262373261366139336566613533326236633735393232
66616164336635636431633330383735373661393338633265663733613564346331326266313661
34613938373634386364623466656161326262656635663338373836386465386237663439383830
34336265666130663061376161633139656538336461616364316130306139616235393838393834
33383833316632313033326331313764303739386665366230386563393239313732303035376537
35663834613838396338383038363932386232653065346432613562393233336630636363653566
61303365626437323739366132303030373632333637343738323262666539373361613132333633
63646133313336303562663137363564336561343162333264666662623433666366613134633832
66623833346530336632376333386466393034303631383761613561396531623934653233313039
66663139393535346633663164636566363130316563356161636132623066623063313839623962
38646132613131313064316639363662643837343061613035346535383134333763316361366666
66353637346464333737616363656230333763626366323661373831303535343139666436343534
64356438396535653838333366333738326236323032656535656237396233656337616532393438
64303439333561303039396465663636386134666330656533353765353335623633626462313561
32343263346231626135316536653132633038346566343938393862353035323637333838383335
37316662343433613666616637346235646564323436626464336664313234396561306433386433
37343430626330633762653163643564303435313034343236653366396534616535323138653630
31653238643736303765643462393538363261653265373161346430623133353932333730643731
65366235326634653736306332646662316333346533393765666161366565656538666262646366
37666363623964666265323865306236303166353862383835336531303436373032356265323261
37303438383366306331323565626436623665633439353661633966373836303632323763376261
39306137333138613132653235646634653632393033326465363338326432306535356137306661
66386334373839646262343431396462633137306230643464643934326531646463343935313666
31333338353462393564626336313238383832323232363231613534373164656432343064393365
39646162363362643234393339313335613234333761316435313930316634653061323331656230
33333735313266623738303535306232376435306163626435323834383266666336363438333831
34653333383334616262346637636438306432303931616132653737623639353464656433326563
33653932636363623339313630316233353337343238623864656362366666613833313132343962
66656263303235393538666432643334623262636337383231353237633936366466616366353765
38343136316639383935663561363037346532613031303036346136646232386561613561633837
38626137636339356334303438356435666438306331396438363539363534303532353662653862
34333163306534656266396261323639306636386139303937386438656432356532366532383732
33303764366536653939303361636532306536343539643466326434613062386362366566633130
64343634356336363062616663383665336464386161663663316366353964343435643933323966
36666536643834396561626136356166353235393632363961646435316365643561626566653832
38636338343336663033633431393135643237346138356638393365303931643063363065653030
33393838656130333664393665613830616662613232353230616233646432633262363939386430
39666263353264656563306535623262613532653635316561363039626466656633303334383634
33353132383564353562336165383761303934396361316364613261363434643464636335636461
37633864623561356433643434373834653236653734363336633838306638336635636336343934
31656230363862616365316461393261313864333930316338623261643731633133343630303864
39373336623265636137643935326532386665306639633662656534306539343064633161346538
64643465336138313261626438636130343236323235313935643935363135396532306331666530
65646563643562616665353966333461343232653166393836336238353661393031656630376465
37306565633035663039396135316165316332313963383166346665343264373035663465663239
63323066366462386631653135633361376635333037323835336335656435616231316463313533
66633830343138653433646634333730666633306361663665613734323661613737346231333230
65353561653465646637366466346663663330383965393166376366376233393339353739353461
36323236373661333339343163346335353638383732663830306561333933383564666261663063
34663263633339623861623232323066626133326538343565623438313434393066313536623961
32666663303764376338613032636233373061326431663762646562373037353261373737346235
36356631323936306139323036356466663033346633653335323837316434336663333865646265
61656361323531366238656164386365646234623863343761313631383961386162
