$ANSIBLE_VAULT;1.1;AES256
63613433343232346338623530336336613461383865396437643931663464313137333861373538
3631396638653633353132383334613561306462353335330a363132353764646264383162323361
34373261616137396663633164353965613032333631373838343533323032343531386661336334
3632356664626562620a346262366131353730363633386261633161373239303264393334616330
61306630616335353830666663303635633036366332636366333161363064626234333939623764
39643538663564376166373366646639336631383966613038313466663335626430383839373665
36373336643930353963653865386433643734353231613738306533663436353566663630376230
63643933346166663434323461393336373033656364373863313439383338623362353334333065
34306139323362306635643632336666333732653264383232643766613864386337373666646462
63386537643130386130336465396666353761326133313432333433363336663762633431333831
66376139376564633762353563353063366133356233346662373266353835363265303462393833
31383838356436376639353434616136326633363165613461613930376539666337376531663830
39646635303738376639383233666538333636353734306538666361306638383239313264636463
37626562346236333666666666353636633836353863646430313865383736396465633738343132
62363463656131353233633638353032373661633939323265383430336434383962386161353333
66326361323965383639306231663662353165626566646630633066373231646337393862366232
61626364646333643539643965626465663866663331333266616431633464316437653036396337
37386166333066353766383561373464396531326535623335323439323333383164343166636233
36623033336132616532656663623364323136376233373130336261656535353136613335633366
38306363313965626530396564386561636664373062653161363039643839666531623634323732
38643566376361383432396437616564626263643763343837623238323037353939363062363663
33383865613862363733333037356365343664336638396366616562656630303561316263643637
38356234343131313734626264623062363931333930643064613737623562646533656432316139
62306234613861623863643939353933383963366136306634666165666336353033656465303138
31306565336139656336316337643137646435656132323262343532383533356139326633336539
36633563636562333231303233663238303761353134346231316531336131343165323939303236
31373332363465376662613039396262616231623636313130393265383430396339333334646336
35303061313634613536393233656136656530353066653063363066653666373432376233616563
39333863376366396630613534663632646539613730643330303561343836383937393161343065
34386336653864366436383935356463373031363334323834383465623939626135613361666139
32623166336532373564666662643761333035396630363430373163326531656233663966383936
35326461303662363732363766303033386366386638326163363134663730356138373363663336
66623462316436346633383663343435396537393138313538393063393031626433306333383439
39336132646566326661656463323266623138383938306664653065316137633535656162663135
38363962636265656232376366666638343662383433343966356138333266666335353462323131
36303564316336613533333361643733383532656439626264656363653639313632376131373636
39316339303937356364333234326632336132376235623539643336663438333035616234366161
33653539663334623639363732643663323235326137666334653638356466656261363834376363
64363738383230356566303836666637633236653664333332623738643562313039623466383238
61323961356332353061373931616535343139653438646432626437353339626238643733663131
62313831643064333432366238633430376234356331306466353632653830623330636664653934
33376264323164333065343762393834383433343262336466306162656462373531613862343336
33363534363038666666343237353035386662393163616462656365663466313464376534366231
65353635333362363362376162343336643533656438366532343537326334316338656261653934
63316332303765643737356136363930373863393262303732333766336439383032393830303137
62373935366638623934653061326561363234386537343635633564353963373861653261396531
64366231366466363230303065613636356438326435326135323434366262393135653436386232
66656332666466393132396163313535336266383361336632643065666436626335393635393133
34646533356561373135343437303633306435386131613263393063623833336166613939343163
32363365393264626562653963313864373832343765666138343937393237633465323035313732
33303634303738616136346132386636393937643366623763643636353138363335366438643537
33653235393964396332616562353739323761666231616633393636633234326531316364646132
37306538393533616563666539656231393465336638323532663939616234356330363935613734
39316335326339326361396361663731373033316664646533353463353933356130333331343164
33333336393533326239353337376536333163376366373638616632376262306361303061326636
65396130356337376661366131343739343334393735613733646138323562376362363630376637
61623838393535333138313631363730646436653762373233343266303764303234623364643838
65643234633562346138666638346435356637303066346434353236643666386336646230656138
66353362303338343463343432353131633130323932333762653161326538656161646461353938
64633061653232366534613466313035363565323431663734386135333364653662656338356665
31373038663233363561363134336133643561396638353563303733646364303933336663333835
35333430363464393835663431613031613763653762363966643663623630363138303662346663
66636364666132316232313836313832383961613663393866616132393762393236383039333761
65616461333530376534313865303136376134316535396436373463633534333065393835313265
64623262323432306630326633353638366235623535343766343835313639383266343161333663
32393865643031396133623365343666373462646262316161656162303831323138663861353136
36333238353234663230366135323265356433663764626536613263373234613635376137623033
35363337666335383532616639336337306235633038633563646361616563333261336662656366
62396231323435343964643035326161653134616236353761306337356334623232393762656664
61633634383963633764376665626133633262393037333031333563343738313434663838623064
65383439323330326239646662623134303863646636613462346630396236386365653765616131
39336466623161653237613864383031616135383635613739313738666437633938323935363730
61316562613363323538313964363561386535356665373131633030356432303836613334303534
36306634336238363162356532393561323066373537323339633866343233373237643163656536
62356262343435376366376233303031356338663463313435643431363163613732353433396138
38636338616231633638636637623936656638353738613334333362656636643365333337306534
37376232663265353430643634336566356439386264373037376136656636373137323666303635
33666537326165393233653739363837636136303466653734663766306264343733653535333564
36633162636236356364656334323136363266626634383361376563646232633333643936353262
63356232646331313332616539323236333764313832376262323432376238633538343466656237
37313763323261633765666537666330663664666565396363386265383533653136383065316633
32343062643266343333623037653538386162383466333737653065666561343838323735373534
35383738633234613238613865626335383535663935653435316163366664623135316663353531
39386466306534316136616137633832303430633930656436613363326166633738386362333035
63386462336130656230623233303566663035633761653530616665633566316536376265313333
36303161316136343461343230323165373730363334623336356164336665643938643839636165
36313233333862393966653739646436366130356133663437336464653339343931373633646133
38623462383061343533356234373939366264303666303436616562633866663163613635663330
32343233386537653038383166663261613032366662323863333932656433303635313330376335
64656537393137613665626661316536636530366264333861613066623637626232343231623931
64366336613136383765313432323965636461356264613339313439373862373636336435616465
33343365393838366136663739643837313933613230326539326438616266363333303734343465
39656364666262383031346662633335363736623064646535393239346365333233663739366164
64656239353934313133323363636333636566366337626534383039623361303538646430663138
33326164323161386534376238613330653563616363613666346565613034656635663463383337
33623432303337363530333639616163326434636530303664353034383831623361343466393830
34616362383666356365643461663033383734636632356439303963646461616366393233323037
36353631643232383236366337383635386433386364316130396232626235663061616533333238
66646333653865663336653266363636656234326363666561633530363763643163633065623034
30396135666130326237633937336634336362376365356437353066643337623666666137343861
35663833306263623437373462343931386365363663336361656133306131343466396235316338
36633562336264643539643933396636346338653439663131386639663734396136633835313637
37313866663263636166303131663430653236663436323065326339346238626433333262616239
39313464333332306634643764353938323939383530653834396362613231363062373639326332
31666233306235663438613834646338303138336362666562346430313064363233626462376262
30643438316537666133353836323063303939373934356139343637366264373436373232666331
62366639646336396565646439666565653531623133306338313737646338383634633661393633
33623135626465306533363864613662353737333838333033623234373330343664373736316265
32663838316430386635393038633037356362396231636237306165663433663464633431663263
61613633343566373934386262333130353039376336626233653563336136393131336430306339
65323462666337663564633263313961653861323962643962386431643736353864643033336362
36646364653134323264393065373334336532376630636530633263373536313262376531326633
30323937636530373230393230653436643938303537373038336436386433613964653539633135
61623134656635643438333566643434633464656331316439656562343131363030373864636439
62393038333062323630373235633834666333373063333439333566643639313736656130633563
38376131353734653766623362623366333036373931366161373536363961373564636362616233
39353835643237336138373533393938396266616431616463393232373638326532373333666237
37623435353230623431363730663964356434373265303135306463303830386133313565336633
31336537343364353333613161663539326330323163396165646639636533386163356236393736
66313962393935633038336266366637376563373261393835356331653262613966366534613339
63323966613638323265623364313635333835373637666537383164303235313161356565333135
62633161373739653563363666626637383463353866383632663532653863383738653739393162
37646131316633633336333234326462363335346337353662643032353739323234393265363865
33363664333666336663303566353539666265303038376639626430643733643037333061633631
63333439653965363931373466396139653536636163313763393563313436623236623863303830
61396435613638626431353638346663396436343035643133343664363161646163336333393537
66393735366561323664346466323135633130626332306638396638336464643430626139646639
66323165333862643530323138643336386265663162396338623234343164303832356334366363
62343963313739386538306438613636326232363261663238636634386136306361646133323164
34353861626134336130306564353534313861636133366631363464376331366332366262336230
35656335656336613333316666343139333333616135393261323032356565353333396462373564
62303739376630336161623364613762363035396131396561383333303935643439316239306230
65333066663062616561326232306661373534393161623562653062303434666336643338363935
63613232623363343564376665656637663937613366376639343431653365356361333261353462
37353739333636393965336564303266623464653739633462376436353538386239636336303030
39363966333238396539393065633161373232386365616465626466633663643339326430373836
35613735653263396335333032656366623863353534306531336665613532643230313262643662
63396365313964373432353538616261633962333338626438636264653934333265656132366563
37383139636236303837633037363934353533646133363939383630663762633264613264316238
34613032323630393331623034663965613564666537303465656635343161313730303339616563
31343266616161306139623038343634373239376533386561653562393663346466616438383165
39643662636136656631653962373666323735366537303134313366333564653863376137646335
64373965303338646335353664316363386131383035303462663932303330346264636231336136
62333832326562633365353963613166326161623732666463616135373031633062323334363962
62313631356539343237333761316430343666316138613533623335333234626634333432373234
64643364396561336336616136383933613735646333633832646638646434326337323133363731
30396434346363653863613133663237313836633630653864643939616330386530636663343561
64386462333161333166333161363031393639633438353733643139636238666361393066386164
63353061653664646664363635343465303335666433653163353431306637653539373630616338
38366637636334313430333639333264366231303361633965343832396661653865616430323132
39366134633433613362653537383134656665363735616437336531333065663366653765663765
66356463313838356131353466613235643232623662656463323166393334393536663132366638
39353639346232646266663537346235333564623334343739643038353339343632666561376438
37636462333439383734363533353639653332353638356239303039376562623634626337643531
32663132396536613331663939386564386561346435343565373739643266303330393833303731
32643164353335616431346633343137613733653039613131336265323532313336306163356264
38386661653331636563333133393163376131666334303830393334326532663131306235323663
37326163366462613131643264313637316363613831653833363438666165663934323366383139
34396662623933363930323561633766353235656438623135663131626637323361636139396161
34656632313139313164636463313366353230346133343734323961626339313138613835626264
62316630363039363533316239383164666563663430633933343163613437636362643165663137
32333038386432616431353764646431336435623235373565373663313336353536643136363031
63333431373863373831663435363063643761353665383034376232356332353137303033346531
39323330343332613633386561343139646431363465663133613065356163643662626136656433
31396363613036313161663730623364663561643333633332386334383663323036336334393563
64663865313336633539363733396562613933353565303762663137323638303639356533656331
39636539306332623032383337373031356461336133663231373661636166613433643738386234
63623133636331313830353131646539363939633161396134353236316433346466373965383934
34356636663231363236613538653032373236373630383038326336666432663836623238373239
33376465626639393565306564303233636266373639313539373961326335333635303033323134
66346230393662316364343164336433386639313231396339333234393766343334653338393739
34613138633230383138326432323861373431316264373732633937636465303766323433616338
66666434666163653266613365373564646633316362303063656363663061356438

