$ANSIBLE_VAULT;1.1;AES256
65353063353633343233656337656639326163616537353733353231653764393663666266646437
3836303132323531653439623332383732353233613133350a623037343835653039343430616532
35613634663334313236663062613166303937376139633161366463333466356233633633626638
6637363738376165300a643766313464376162336366393262343832303764326635623937343166
32333538663136333464383635356236643534363532623135343535626133313234373362303336
63373134646630353339353139333332323432333131663534323335656631383362363635353731
37613932366437306539613138663861376432376562333134343864363533653262353237636634
37386362313337626466633735656262316635386336363032303935353134643835343832653233
33323663373336653462643935623435323832383238393162383333373337646265373966373636
32343262353262373335386238333461373063656266643963613636353839363639363532326533
31656233303163393363303763386365356431376430366537303536623465323436626165636236
35626662656530396638393463626234343138646139623738343638643862383136316237623131
33626134383831646465626134393565636631353131653361613064646666353633623632656634
64613962303264656266343436306365623336326261393036383135623366663261633138643965
65313762636138306235396164333030616635616339386531326362396365643034343539633064
38353633333137323835323764623730643338363863633131663132393665646264363534396237
65663966323035343763323138663835356466643034383032616538353664636330323730646363
65666262623763306532313864633564323861383637643632383431623137396165666538383332
33646662323933383635653033373233373361643838333661633730353835306539366164643833
39636638376165653339626564623634663538333839616234346432326364306364666335636530
37323430613337646363393766316334353832656463346164363061343462303734653237356531
31656331643732313735396131333366386137346264343332363739346439393766623334373538
35616530393065316237336362366666353133633964623433383333666636623039383437613065
32643661643636346634343265613632656561623530623839333939336133303235633466363332
34633836653637376434306266656231663561333565306139366461373239383564343530306264
37616537626664326361653432353632303032373332396434626462656434323335376463373135
64393665306637643730323538373836326634653562323234323839663261306262616166396236
35353563363765663234653864356330653638346535303236356265656437313162626431633432
31643530386131303061613130363631363037393938633365373562343537636435643063383563
64633830653261363130363630323265373233626266373339396433623139663861393231396163
33313962653539393665336130343538643135613034383535393339656530393630323463343465
65336232393030653233613834353734383639303663366435653062616366323630363134346438
33343731323837383737393565643264656264336436636432656666613038363934643761663833
37663632316530386136316630333265616234623731323665323861643864356661363136616165
33623632376430373435373062656533343864326661346234653131613031613734303738623162
61666362623261613836306664643133343031366339636263633631333937616237613333383533
32633435383639633366386565326666653435666563633366336335396661313235323334303832
38323031366533323665343239333331653333633863326236393131346464346365666361333263
64613862353738666365383132383638333261353837313033326238643733653336396661303233
38306532646233663635373636396235346238646164366135363435636237396238356631303866
38636335393135643662373266306132393134376265386634633130663938386136306239386331
30643164316536353663653965653431326339353230666361383630616638316431616237346464
66323637633661356130313563353764613136316132326535616234333061343939313466356438
37623461346234353065333633306533626535306435636465626263366136666236323063336136
34333463623662396130616538313631613230373139626566643634343738656136386133393839
63393664613036633761326330336436336635313531383033303334313539653638616632643735
64306663643939633062326230306235613465663131396665346439623032653863663262333662
66326134653566616639623531616338353366313264353030316331376633383761393564636464
35663764393336383334313862313434353735376337313133613665323632643935653134303132
33313061636635643331313664396636353866313432656337393763306139613438343964643730
33313736626338333236366131633331363837346634663463613965653663333535396138643766
64383133313161373134636239333135633432613731353132646364613132613464373634663263
63623537623535396535613433353333633632303663303836306639383132386365376561353835
32613337346237386233656139336437383132396333383637343365346631393865656161303235
65653662623430373535643065613837303864346665376361646166623263626362633762373965
65653333313034616263373462666630643139393665393962666130623861623131623639336331
38636535313137356237346465396463336565316463306561333239646632643364623338366263
30353233336435323432663837623339636439316633323464333264343939393933623735346533
38326533333034633839623038336637383266393966343434333363633864633734343262626633
31333538663266666537306131636231363035336463303432343361393831333861323630326335
31663438616165376564643166326362333338333131326239306562383138306634353937396164
66396539613836353030376365313562653461636362343564366534613936333261336633323530
39663566383833333361303837303131373835363235663562363365363862353937383032333162
37386237336634666638613833343135623134356266303132323939326632656237393436613166
34353735303537373537333764663637616236393938633262663439356261303530643764656635
36626234356262363330323830333865333164323736363965363039363839303566613139653162
64386361626233646133393466356330333061343831623364316565303261653663643466663663
32343938656366366364
