$ANSIBLE_VAULT;1.1;AES256
65353661366238616233313762626563313964356237326332326236393166633731663333393532
6530346636633832343366363565383661346266353137340a653230343263663538616562363866
64353532396461313230613162363763343237326664613365316664616164666563643034386264
6135623631653465620a353464393133313530363164383165316562343434333734353865623732
35393534323561363330363564316333396265353065363232313737633561376639646262353731
36666461636162343163373934643530393063623638383565656661613964643439333063623038
35333865363061363462323033376139383865363939323265376264643632336437616662316564
37656562346631333564363562363733333632616261353461313662303735343131376635396661
33336136363236663738646433313737663230613661633439393537343564373965393238663161
39393239313764363731656363623830303866356435363962623865316663333631326466353934
32373130396632333965323062366430396336626435323930333661636339333862666566383938
38346137306163623062333231626631376432363233353430356462333035343363313331306436
32383765306236363930316533643532333664643861326461336662613164656332333738343439
32393065613931616535626233626539303738333832616366643563393331333761303064333538
66356537616164343934353566653438616634626230636631633163386431393435313637336539
64396563323033303934363438333234396631373235396630386162663932343464393831653936
63633735396537396364323737663439393735366335666263363738306261383631303661306464
35346361333936396366326438343365386236373538373538353238343161303466313662326361
30323465656433393033313334653363333631383533653464356133613065646166386363666634
31343561653237323031633836646361613031316362633031333562323530623266373466333633
38623266626531633730663835653932366232643535316337303832306237653462386165613064
33383230376464303539323030353763666632636361316637653564316437323861373739656162
39356130613339653631646530323939363235663839353236373532323466336664643131623839
30353334343535323261623337653661353561616636313232333938636433333961393838653461
34633939376139636239653738376561366664393135326261363065653232373463383838316536
39346363643962623964373830656536633863623164333532333438356461616266393839623131
61653833663066326238666233656330383135326330363764633461666565376666393130363436
37333337663562353532386465353132653234326465613162386437653431656238326633643865
39336664613635636638653934336561656261336637336162373961366566353964613037356535
35303963353034366530373638616139363662393939333237613966623834323238353864393331
32313639656632313736376638646131356637353831633231663930323032373437383037623238
31316536353862343431333265326266623765346364386663366531313437613935333536623437
32373633313065396661616332666131393434623736333165323838393338353739333335656638
38396166303730333132306537353334636262323336373064376532343262643238393065346139
63666230386166636235373433353930373232626634316332396663616362313133346634353437
36383463376463626162623764333236373137633362633437356564343965313138353636363731
66616231323061636162313639663338626235383166363165313065626635663235353163336636
64366230613833393839666231323639616435653734363066633065353638636463386637383265
36363139306166313732643534626535343265633436633539633731613337666665326237333866
61373935333066663037363964346636313630613934363538633831356231356539353530343034
63336562646138303535643861636564373137633630643264386338653532623664666231623631
31316331346133303332616366363432623264636535653931666166323038636633313136336465
66353335353034623139373637343339326262323064306434336564636539353937386335613037
30663132396630393731613132633031333064356532396365386331373631393538666161393466
38373134623030636563376130636236376332333238656431653962356630363362346433343165
37376361633034616638623239323639633935633066303036623833646363366332376233303438
34636366346234373861653334633139626262646138653664326233306165393064376638356532
32343664356566366263313936313134313431323531313264333761383439353837393132386463
61363939633366393434323038346335666162376361383465626432343861633065613464653438
63386239323764373261323861333166346462633838623236643762356531303363393561373464
64323334346666626337303363353931636638323262333666623064366538363066323765636532
63323036393431383061666563666230626536313664636364653337396163336366393365643532
33623933623330626463633539383133376435366536386363363461353633633864656431313935
34313536626532343266636362636536643462383066626633393264383366396333363538636337
32646332626233353230386563653464643038633239303837633636336532366430623564376638
35323138333161373532646464643037376637363037383931653761366433393230383263653030
39303261363262366136366666666431626464386634613931643137393462353561343931376563
37326437316163366635666330313266393861383538646566633332393133613961333438663363
63383638653730363137666438353137363638363362646464613530333561373964663461626366
31363863336230363263633437363363383938616537613535633933303433393164366165333237
63653731663937373935333861626134633766366434323761373439313339666430306262306433
66376333376465336464393136313931353836626366323664376638636664356262363636663562
32323039366539306131653232663465666634636266613465363436613865666465626235313139
38666363393938336638303130353665626538613538626232613864366237326336313666643639
39306434633030323739376438373939373064636539613734653964396538653336633034343461
39343935303235653536323334396331336438363634313064626564383138303563336334313761
30613437613462323539316135376263386134646264656364373862336234666333656132303335
64613134373133373233623532326336373930333364316261393965333938396163623537653764
30366136666663336432623331393564653034346439663331316236303064626563643233306663
39383466343565323665326136616637353538393066623831653432373834343637373930656262
61323961303661363463336234303565666661316263313566623966636534333632333661306139
63346162343639386433316436313732313232343864383533663330623239663039633662363038
66303666643031336137626430366438373539633031303063643939306664323561343662626536
61623137373732313437343436383030626335303538366463366334363839356564336232633730
38373066653566643935383261613633643439306536333131303232623565656532363237316437
63383331323333316261633535633030373363353363623435323830396537376638623837356638
63393130383961383132613064373431663464353063666166353566623634643835303436633166
34373335346465386435633938353430613662343664643462376435366330653337343034393536
30356639633466623039333263373561303730663366316666393737353536376566336333636638
30303239383435333534376536643030343865303736393838663634626131376161623536386237
36376564356264313539343837623663643939653162643336333432623939613361323262383836
62616538386665353866303736383534626230646364666438333936343632613062303131363835
36333735656538633934666162366630646431616162623461646536666536393963633162346265
65616666333664616130393763376338363838366362623934336263306235373339633932393532
61623863656130343637336134323964653438396238373834353963333438343935633435353236
63383930666461633331383734316133373261656530636266613862396533346234636662366537
34643763326230386362633432313638313139653536663164303733646437393531663362656132
64663163393765303533353161643537303136383033346564636166303936316235303961633130
32666536356631643434623235633730353535373564353935383963396564646533656231666536
38363335326238316336386363613433313435666532636435636336656636303630353666636339
63363961643030323964373564303236383338303831633066396336636538346535393337383661
39343931356530313162346530323165393431326333616166353536363965356231343537333034
31353563383866323062663334363238636230636234663761393461373563303732313839386636
34646138356434633065393364666639666433613936316362363731656166663835396431356664
66613265313236333162613537346265343236666561653463396535313034653134323337636239
31313766666637636665
